ENCUT = 500.000000
GGA = PE
IBRION = 2
NSW = 150
ISIF = 2
ISMEAR = 0; SIGMA = 0.025
EDIFF = 0.000001
EDIFFG = -0.01
IVDW = 11
NCORE = 2
KPAR = 1
